1000
0
576
814
936
482
952
559
960
23
567
596
485
921
837
686
831
833
963
847
740
830
846
939
797
915
885
893
626
629
543
737
827
475
115
899
890
630
929
67
285
991
992
670
912
825
894
951
742
533
728
961
969
840
765
906
775
22
761
998
997
290
864
820
109
813
887
965
553
853
850
800
768
145
993
973
436
619
962
841
744
982
789
481
725
907
759
819
679
242
585
494
923
932
697
957
796
867
767
260
877
532
770
892
521
832
803
886
746
913
806
350
588
760
821
816
389
339
947
108
531
313
402
81
450
715
688
437
927
930
972
422
544
807
574
508
967
98
956
808
866
860
891
183
216
937
638
896
881
922
880
668
747
678
241
712
622
950
908
834
672
155
758
612
990
788
429
550
99
753
995
779
657
732
750
416
414
980
344
153
708
417
457
868
903
710
432
392
815
355
977
931
249
755
616
971
286
388
984
945
615
701
671
776
173
346
986
280
975
920
739
858
707
745
451
773
193
994
918
988
792
238
421
817
662
607
925
211
905
463
727
613
200
497
818
888
706
836
873
987
272
609
580
855
542
157
204
716
851
438
162
979
176
949
386
513
591
964
605
522
924
889
966
983
645
856
663
870
989
958
941
953
369
94
288
812
777
226
541
942
504
876
786
996
738
635
118
726
845
623
502
468
160
791
883
844
823
460
874
583
933
356
334
861
467
228
677
802
835
579
859
393
571
524
756
423
539
625
318
978
722
564
133
410
943
87
561
647
500
985
103
664
586
735
38
826
795
705
443
391
581
754
926
617
736
730
181
546
404
810
300
573
557
509
681
375
470
503
411
269
897
729
116
684
584
501
752
659
83
774
111
20
582
704
511
11
604
713
306
703
197
654
865
669
974
169
40
91
606
13
911
202
600
981
695
455
545
879
129
757
935
751
517
554
946
901
785
934
299
525
101
321
214
875
872
804
721
811
78
717
562
51
917
247
255
471
862
474
461
660
90
314
146
743
648
702
348
611
741
219
955
940
439
772
733
376
329
347
857
914
959
627
723
499
227
711
809
769
719
440
999
970
575
895
243
928
653
869
514
222
480
852
878
829
916
188
534
801
780
658
787
490
446
406
231
636
882
251
637
644
309
536
714
976
790
842
954
763
871
793
203
119
919
594
138
387
430
507
207
782
498
444
237
910
938
479
296
262
661
341
556
839
178
279
898
492
408
944
805
656
849
18
412
236
409
320
102
680
778
361
277
624
838
510
8
666
884
620
394
327
301
488
413
484
224
150
275
105
794
464
781
377
863
762
731
631
493
551
558
650
828
783
601
718
401
270
271
516
268
435
252
900
749
798
690
665
259
114
19
298
603
195
694
854
565
147
240
843
824
483
154
70
456
28
590
799
453
689
724
201
572
304
693
621
674
909
682
182
374
82
771
560
691
667
904
784
766
700
698
302
505
63
948
496
646
709
748
614
295
676
640
652
487
675
415
217
127
366
566
215
720
519
235
848
381
466
328
593
563
628
428
199
427
433
64
968
641
696
764
589
88
472
261
15
587
367
165
610
338
171
372
595
48
424
43
634
537
506
651
734
649
655
632
687
692
267
902
465
685
378
570
538
196
307
598
530
382
520
469
528
822
454
121
373
189
124
683
547
363
643
49
425
633
459
642
263
36
549
540
592
555
618
431
287
113
447
311
608
46
140
673
26
345
529
25
602
396
458
239
577
34
175
330
449
352
441
371
535
495
248
337
317
486
383
462
385
297
407
400
476
578
159
370
478
45
597
569
434
9
60
358
365
324
552
418
336
331
477
452
699
526
403
312
512
548
489
323
364
473
360
518
399
245
210
368
74
100
639
223
303
27
343
527
568
515
264
31
92
250
332
523
283
256
229
289
205
76
305
225
179
194
310
293
198
139
130
445
190
257
166
71
326
167
4
340
349
397
390
319
491
351
357
395
333
384
234
59
405
284
342
362
353
97
218
379
209
420
442
294
276
186
125
359
282
206
426
274
163
325
30
137
141
233
380
148
292
281
335
354
254
599
291
3
315
419
221
246
265
448
107
258
185
184
187
152
220
168
136
253
134
117
132
112
177
273
164
158
93
50
156
174
212
143
213
77
144
232
149
106
54
16
208
244
191
72
192
5
80
230
131
12
126
398
180
7
161
55
128
278
57
316
79
17
322
308
21
172
53
95
151
170
266
89
75
142
85
84
35
52
47
123
120
135
73
44
104
42
122
110
2
1
96
69
86
62
68
32
10
65
66
61
58
56
41
29
39
37
33
24
14
6
750
1
28
398 590
451
745
185 773
193
37 965
437 553
481 513
591
138 832
475 521
359 625
539
137 833
290 681
129 837
273 686
831
802
231 735
38
826
165 795
494 498
12 988
998
322 661
86 947
413 622
712
375 612
207 758
906
191 765
285 695
484 511
11
160 800
244 716
144 824
483
418 573
49 956
155 808
169 866
860
466 525
414 579
133 835
177
482 512
495 496
143 825
183 774
269 697
289 683
445 547
253 858
707
557
509
318 666
20 982
224 744
124 841
419 572
199 868
85 903
392 595
206 759
461 529
25
117 856
469 524
470 603
754
409 581
96 885
330 653
66 928
139
550
733
364
447 545
327 657
0 995
779
963
119 847
306 670
76 912
8 991
373 615
395 945
18 984
394 664
403 586
334
115 861
467
72 915
162 797
939
123 846
434 558
551
147 817
355 662
384 607
407 583
933
356
992
372 617
310 668
880
922
101 881
896
108 872
237 721
811
78
286
103
188 770
226 740
830
594
69 919
472
725
236 726
291 676
640
474 522
116 857
347
94 894
476 518
889
336 636
936
151 814
923
376 609
272
288 684
584
492 501
438 752
368 659
83
366 619
436
382 973
2 993
454 542
855
410 580
478 517
218 751
935
48
44 960
23
567
596
485
402 637
417 577
604
713
464 528
822
363 624
128 838
487 510
339 633
459 534
158 801
780
455 537
338 634
365 620
204 760
150 816
821
449 544
807
574
508
157 805
656
257 703
197
887
152 813
820
109
452 543
629
812
777
405 585
504
104 876
786
432 562
242 717
345 630
65 929
217
127
426 566
47 957
163 796
867
767
260
877
532
743
648
962
443 552
463
905
211
925
728
307 961
408 582
243 930
95 891
259 701
671
173 789
388 599
324 660
90
314
34
536
248 714
415 578
247
255
924
215 753
350 628
261
146 884
465 527
424 568
926
444 548
256 705
951
742
533
227 737
827
300
153 810
404
723
627
959
386 600
202
79 911
371 618
331 651
321 665
690
341 632
399 589
390 598
428 563
756
423
277
836
105 873
987
490 503
411
148
245
210
406
446
89
878
852
480
663
907
688
246 715
450
81
462
134 834
908
950
397
623
845
64 932
427 564
722
978
422 571
497
343 818
888
706
638
59 937
30 977
931
73
126 840
969
337 635
131 996
738
68 920
975
252 709
214 892
180 782
53 949
176
40 979
335 643
297 674
471 523
799
453
271 689
964
605
516
268
677
435
344 631
493
890
899
850
118 853
385 601
353 783
171 828
195 763
304 673
458 535
93 897
729
746
913
156 806
77
295 675
250 710
254
815
264 698
302
559
52 952
270 696
71 918
994
130 862
249 711
809
921
190 769
719
440
266 916
234 731
200 762
401 587
51 953
369
102 879
57 941
383 608
97 883
280 685
168 794
45
31 974
669
865
654
784
460
874
238 720
519
235
55 943
87
561
647
500
99 882
251
761
161 798
223 749
900
36 967
98
140
82 909
175 788
10 990
198 898
279
704
174
848
381
942
541
983
645
652
5
262 700
776
736
730
181
546
203
172 793
114 871
893
626
54 946
91 901
785
67 927
46 958
989
870
84 904
886
803
764
955
219
741
611
348
702
221 750
732
565
58 940
439
986
970
575
61 934
299
997
864
869
514
222
944
895
787
792
859
393
328
228
281
26 981
844
823
265
70
456
27 980
819
679
863
917
976
790
15 985
182 781
377
954
972
329
241
678
747
32 968
739
851
849
727
613
842
682
914
771
560
576
229
768
145
839
178
263 699
971
616
755
184
672
775
22
555
80 910
938
479
296
166
854
694
554
650
966
875
843
416
332
778
361
680
6 999
724
201
121
791
757
687
692
267
457
708
374
655
649
734
526
748
614
7
570
588
4
167
804
829
644
309
441
718
538
196
100
74
639
473
360
499
667
691
658
507
430
387
125
421
592
540
610
646
766
549
489
641
597
606
13
488
301
433
41
602
505
63
948
346
378
370
159
442
420
274
530
772
225
179
194
425
502
468
216
298
19
391
593
400
305
323
313
531
389
448
396
294
276
311
569
515
358
233
380
88 902
349
340
284
621
693
292
275
354
60
9
325
352
357
351
556
431
287
113
303
506
429
333
491
319
258
111
486
320
412
56
189
367
520
312
283
326
642
192
154
293
110
187
282
149
477
62
213
16
208
136
315
212
107
379
209
35
170
362
342
39
239
75
142
317
232
92
205
316
17
3
164
308
21
33
278
240
112
132
230
220
106
50
141
122
43
14
186
135
120
42
29
24
